3 0.545410 0.574219 0.190430 0.047743
3 0.557129 0.351997 0.216797 0.054688
0 0.547363 0.282986 0.189453 0.067708
1 0.537354 0.425781 0.175293 0.085938
2 0.559326 0.509549 0.218262 0.071181
3 0.836670 0.810330 0.115723 0.087674
4 0.677734 0.596354 0.113281 0.022569
5 0.568604 0.766493 0.109863 0.043403
9 0.879150 0.475260 0.116699 0.035590
4 0.556152 0.723958 0.073242 0.055556
7 0.682129 0.729601 0.114258 0.056424
6 0.692871 0.776910 0.123047 0.050347
8 0.807129 0.737413 0.098633 0.061632
9 0.748535 0.272569 0.098633 0.059028