0 0.169531 0.125998 0.079687 0.023945
3 0.158594 0.145382 0.085938 0.017104
9 0.230469 0.128278 0.039062 0.019384
3 0.241016 0.144242 0.074219 0.023945
1 0.131641 0.164766 0.036719 0.028506
2 0.163672 0.192132 0.099219 0.026226
3 0.153906 0.221779 0.081250 0.019384
4 0.208203 0.220639 0.027344 0.019384
5 0.235937 0.217788 0.029687 0.013683
6 0.236328 0.233181 0.030469 0.021665
8 0.269141 0.217218 0.033594 0.017104
7 0.268750 0.233751 0.031250 0.022805
0 0.844922 0.446408 0.069531 0.021665
9 0.910156 0.441277 0.034375 0.015964
3 0.925000 0.457811 0.081250 0.014823
3 0.834766 0.470924 0.086719 0.020525
1 0.834766 0.492588 0.075781 0.027366
2 0.841406 0.516534 0.089063 0.027366
4 0.892188 0.537628 0.025000 0.017104
5 0.920703 0.533067 0.033594 0.014823
6 0.921484 0.547320 0.030469 0.018244
8 0.953906 0.527366 0.034375 0.017104
7 0.955078 0.539339 0.033594 0.018244
3 0.841797 0.543330 0.082031 0.021665
0 0.521094 0.677879 0.070312 0.017104
9 0.587500 0.676739 0.035937 0.017104
3 0.597266 0.694983 0.075781 0.023945
3 0.508984 0.693843 0.085156 0.019384
1 0.486328 0.713797 0.041406 0.029647
2 0.510938 0.739453 0.087500 0.026226
3 0.505078 0.774230 0.071094 0.018244
4 0.562109 0.774230 0.025781 0.020525
5 0.590625 0.770239 0.034375 0.014823
6 0.589453 0.782212 0.030469 0.015964
8 0.624219 0.768529 0.035937 0.013683
7 0.624609 0.783352 0.035156 0.018244