0 0.144068 0.197917 0.115562 0.031250
0 0.723421 0.468750 0.118644 0.031250
9 0.855932 0.464844 0.084746 0.039062
9 0.244222 0.196615 0.078582 0.039062
1 0.793529 0.544271 0.332820 0.072917
2 0.794299 0.600260 0.334361 0.059896
3 0.703390 0.674479 0.155624 0.041667
4 0.803544 0.671875 0.050847 0.046875
5 0.856703 0.661458 0.058552 0.041667
8 0.916025 0.666667 0.060092 0.031250
7 0.917565 0.696615 0.053929 0.039062
6 0.852851 0.699219 0.047766 0.039062
3 0.704160 0.502604 0.151002 0.036458
3 0.868259 0.498698 0.140216 0.033854
4 0.281202 0.601562 0.097072 0.026042
5 0.281972 0.622396 0.098613 0.020833
6 0.281972 0.645833 0.098613 0.026042
8 0.281972 0.667969 0.098613 0.023438
7 0.280431 0.687500 0.095532 0.031250
3 0.278891 0.420573 0.095532 0.039062
3 0.128659 0.230469 0.146379 0.039062
3 0.261171 0.229167 0.124807 0.041667