9 0.618889 0.520000 0.104444 0.026667
0 0.810556 0.528333 0.174444 0.043333
3 0.808333 0.564167 0.181111 0.058333
1 0.631111 0.612500 0.120000 0.061667
2 0.649444 0.670000 0.167778 0.056667
3 0.652222 0.717500 0.175556 0.045000
3 0.817222 0.721667 0.161111 0.046667
4 0.610556 0.749167 0.078889 0.031667
8 0.720556 0.750833 0.098889 0.035000
7 0.728889 0.777500 0.111111 0.028333
5 0.616667 0.773333 0.097778 0.033333
6 0.626111 0.799167 0.107778 0.031667
0 0.339444 0.312500 0.147778 0.045000
3 0.341111 0.350000 0.153333 0.036667
3 0.339444 0.385833 0.154444 0.038333
9 0.310000 0.416667 0.091111 0.030000
1 0.171111 0.621667 0.162222 0.063333
2 0.174444 0.685833 0.164444 0.068333
4 0.126667 0.720833 0.077778 0.028333
8 0.248333 0.721667 0.096667 0.030000
7 0.250000 0.751667 0.100000 0.033333
5 0.141667 0.743333 0.105556 0.026667
4 0.136667 0.720833 0.084444 0.035000
6 0.144444 0.770000 0.104444 0.036667