0 0.310056 0.335079 0.164804 0.041885
9 0.435056 0.298429 0.085196 0.047120
3 0.460894 0.339005 0.153631 0.049738
1 0.268156 0.397906 0.081006 0.089005
2 0.310056 0.480366 0.164804 0.081152
3 0.271648 0.548429 0.099162 0.065445
3 0.387570 0.549738 0.124302 0.057592
4 0.253492 0.616492 0.060056 0.075916
5 0.311453 0.612565 0.053073 0.062827
8 0.379190 0.616492 0.076816 0.054974
0 0.847067 0.238220 0.115922 0.068063
3 0.849860 0.302356 0.127095 0.075916
3 0.854050 0.409686 0.138268 0.044503
3 0.845670 0.446335 0.118715 0.034031
4 0.821927 0.468586 0.060056 0.036649
5 0.835894 0.503927 0.096369 0.023560
8 0.839385 0.530105 0.094972 0.039267
1 0.675978 0.624346 0.089385 0.096859
2 0.723464 0.726440 0.178771 0.086387