3 0.533959 0.580808 0.215351 0.050505
3 0.547212 0.345731 0.245169 0.057852
0 0.536168 0.272727 0.214246 0.071625
1 0.524849 0.423783 0.198233 0.090910
2 0.549696 0.512397 0.246825 0.075299
3 0.863335 0.830579 0.130867 0.092746
4 0.683600 0.604224 0.128106 0.023875
5 0.560188 0.784206 0.124240 0.045914
9 0.911374 0.476124 0.131971 0.037649
4 0.546107 0.739210 0.082827 0.058770
7 0.688570 0.745179 0.129211 0.059688
6 0.700718 0.795225 0.139150 0.053260
8 0.829928 0.753443 0.111541 0.065197
9 0.763666 0.261708 0.111541 0.062443