0 0.282222 0.530632 0.165556 0.057312
0 0.708333 0.529150 0.105556 0.050395
1 0.744722 0.573617 0.185000 0.060277
2 0.738056 0.639822 0.168333 0.078063
3 0.712500 0.695652 0.112778 0.043478
3 0.709167 0.729743 0.109444 0.034585
5 0.845556 0.731719 0.055556 0.036561
4 0.836389 0.689229 0.045000 0.046443
6 0.855000 0.756917 0.074444 0.025692
8 0.847222 0.779150 0.073333 0.038538
4 0.682500 0.808794 0.053889 0.028656
1 0.249444 0.586957 0.096667 0.065217
3 0.268889 0.636858 0.147778 0.042490
3 0.424722 0.639328 0.126111 0.055336
2 0.285833 0.685771 0.185000 0.065217
4 0.259444 0.722332 0.070000 0.035573
8 0.374722 0.721344 0.071667 0.039526
6 0.382500 0.755929 0.090556 0.023715
5 0.273056 0.750000 0.091667 0.031621
3 0.402500 0.803854 0.135000 0.032609