0 0.444620 0.136250 0.321730 0.035833
3 0.828059 0.134167 0.259494 0.050000
1 0.419831 0.185833 0.274262 0.056667
2 0.471519 0.237500 0.383966 0.056667
9 0.385021 0.291250 0.183544 0.030833
5 0.493671 0.828333 0.116034 0.028333
6 0.631329 0.832917 0.150844 0.025833
7 0.520570 0.852500 0.148734 0.023333
8 0.361287 0.855833 0.125527 0.033333
3 0.424578 0.889167 0.268987 0.036667
3 0.660865 0.875000 0.205696 0.040000
0 0.446730 0.635417 0.321730 0.035833
4 0.342827 0.334583 0.092827 0.020833
5 0.475211 0.336667 0.144515 0.025000
7 0.521624 0.359167 0.140295 0.025000
3 0.658755 0.383750 0.209916 0.035833
3 0.426160 0.389167 0.263713 0.040000
8 0.364451 0.354167 0.140295 0.023333
3 0.831224 0.637083 0.272152 0.050833
4 0.344409 0.830833 0.095992 0.025000
1 0.378692 0.678333 0.177215 0.055000
2 0.492089 0.739583 0.404008 0.070833